000257
000258
000259
000261
000263
000264
000265
000266
000269
000271
000272
000278
000280
000281
000282
000283
000285
000288
000290
000292
000295
000300
000302
000303
000306
000307
000308
000312
000313
000314
000318
000321
000322
000323
000325
000327
000328
000330
000331
000333
000334
000335
000337
000338
000339
000340
000341
000342
000343
000345
000348
000349
000350
000353
000355
000359
000360
000361
000362
000363
000366
000368
000371
000374
000376
000378
000379
000380
000381
000382
000389
000391
000396
000398
000400
000405
000406
000407
000408
000410
000411
000412
000414
000416
000418
000420
000425
000427
000428
000429
000430
000432
000434
000435
000436
000437
000438
000440
000442
000447
000449
000450
000451
000453
000458
000460
000461
000464
000465
000469
000470
000474
000475
000481
000483
000489
000495
000496
000502
000504
000505
000507
000509
000511
000512
000513
000515
000517
000521
000522
000523
000525
000526
000527
000529
000533
000535
000536
000537
000538
000540
000542
000543
000546
000554
000555
000558
000560
000562
000566
000567
000568
000569
000574
000579
000581
000585
000586
000589
000590
000591
000592
000594
000595
000597
000598
000602
000603
000604
000606
000608
000609
000611
000612
000614
000615
000616
000617
000620
000621
000625
000626
000629
000633
000639
000643
000644
000647
000650
000651
000658
000660
000662
000664
000677
000679
000680
000689
000692
000696
000697
000700
000701
000703
000704
000705
000706
000708
000710
000711
000714
000715
000716
000718
000723
000724
000727
000730
000731
000734
000739
000740
000741
000742
000744
000747
000749
000750
000753
000754
000756
000757
000759
000762
000765
000767
000769
000773
000775
000777
000778
000780
000783
000784
000788
000789
000790
000793
000794
000796
000798
000801
000802
000804
000805
000806
000807
000811
000815
000816
000820
000821
000827
000828
000829
000833
000838
000840
000842
000844
000847
000853
000854
000860
000864
000866
000867
000868
000869
000872
000876
000880
000885
000889
000892
000894
000910
000912
000914
000915
000916
000919
000920
000921
000922
000925
000927
000928
000929
000930
000931
000932
000938
000939
000940
000942
000947
000948
000951
000952
000953
000954
000958
000959
000961
000963
000965
000969
000970
000971
000972
000973
000974
000977
000980
000982
000987
000988
000989
000991
000994
000996
000999
